236.012
235.998
235.992
236.004
235.994
235.999
235.998
235.997
235.999
235.997
235.999
235.998
235.998
235.998
235.998
235.998
235.998
235.998
235.998
235.998
235.998
235.998
235.998
235.998
235.998
235.998
235.998
235.998
235.998
235.998
235.998
235.998
235.998
235.998
235.998
235.998
235.998
235.998
235.998
235.998
235.998
235.998
235.998
235.998
235.998
235.998
235.998
235.998
235.998
235.998
235.998
235.998
235.998
235.998
235.998
235.998
235.998
235.998
235.998
235.998
235.998
235.998
235.998
235.998
235.998
235.998
235.998
235.998
235.998
235.998
235.998
235.998
235.998
235.998
235.998
235.998
235.998
235.998
235.998
235.998
235.998
235.998
235.998
235.998
235.998
235.998
235.998
235.998
235.998
235.998
235.998
235.998
235.998
235.998
235.998
235.998
235.998
235.998
235.998
235.998
