234.012
233.997
234.019
233.115
233.424
111.951
151.737
148.12
168.279
155.136
160.298
148.508
164.227
164.895
133.854
157.366
161.566
146.61
133.602
170.583
161.64
142.216
215.16
126.096
173.03
135.554
146.275
156.809
157.233
173.549
145.519
181.269
137.521
153.594
150.78
183.437
134.851
178.806
132.758
147.525
145.986
172.708
167.054
159.122
145.428
173.187
118.411
168.605
170.036
156.017
172.38
154.706
160.902
158.261
168.768
157.388
173.935
147.095
189.444
135.757
198.012
123.549
185.795
120.961
165.976
124.882
152.789
152.585
160.786
161.513
164.619
162.955
153.981
174.85
137.55
148.719
140.487
157.305
162.96
158.672
152.018
197.08
108.852
153.877
191.521
119.173
160.279
159.177
166.082
145.425
152.159
163.217
154.261
168.148
141.433
171.968
121.382
146.512
164.871
157.511
