237.012
236.996
237.051
235.852
237.263
98.6862
170.933
148.912
152.446
172.722
120.88
181.673
126.926
161.118
160.64
172.192
134.304
173.309
164.259
162.205
152.679
140.591
161.804
209.029
115.169
156.402
165.868
154.879
151.898
160.537
168.061
159.216
161.979
195.27
117.398
153.622
146.268
167.803
124.32
158.406
169.34
135.852
166.118
138.802
165.066
164.584
154.946
128.254
167.775
130.899
152.344
174.84
139.071
150.854
176.627
136.566
161.03
162.75
136.948
174.464
153.158
168.57
152.85
166.519
148.534
144.866
161.022
145.887
134.343
180.583
118.996
162.811
137.019
163.172
160.948
198.796
135.43
154.182
168.698
146.122
179.014
127.029
161.199
175.326
131.536
149.642
156.666
147.9
177.831
128.741
170.939
150.372
160.633
134.797
186.855
122.026
167.535
126.668
156.208
148.459
